%YAML:1.0
---
cameraMatrix: !!opencv-matrix
   rows: 3
   cols: 3
   dt: d
   data: [ 9.5349728979706356e+02, 0., 6.5134361966109611e+02, 0.,
       9.5261223871735388e+02, 3.6120259798648789e+02, 0., 0., 1. ]
distCoeffs: !!opencv-matrix
   rows: 1
   cols: 5
   dt: d
   data: [ 1.6334287138048872e-01, -4.5545995951380003e-01,
       1.5279208364778543e-04, -2.9361620129146279e-04,
       4.0371632551737796e-01 ]
